1 0.08785156250000001 0.7589305555555554 0.02603906250000001 0.038680555555555426
1 0.1099375 0.6754166666666667 0.0326328125 0.031055555555555576
1 0.1422421875 0.5778472222222223 0.020109375000000006 0.03398611111111115
1 0.2099921875 0.7360833333333333 0.03296875000000001 0.03633333333333345
1 0.1694453125 0.7923333333333333 0.02439062500000002 0.04336111111111115
1 0.140265625 0.8078749999999999 0.028023437500000005 0.03691666666666656
1 0.2518515625 0.7996666666666666 0.01978125000000004 0.026375000000000013
1 0.2592734375 0.8263333333333334 0.028023437500000005 0.037513888888888874
1 0.30377343749999997 0.8055277777777778 0.01813281250000003 0.04161111111111116
1 0.305421875 0.7835416666666666 0.015492187500000032 0.03633333333333345
1 0.3238828125 0.6765972222222222 0.018789062499999964 0.03926388888888886
1 0.3698671875 0.6159444444444445 0.01978125000000004 0.032819444444444436
1 0.3614609375 0.6305833333333333 0.016156249999999962 0.03398611111111115
1 0.37629687500000003 0.6786388888888889 0.026039062500000033 0.035166666666666735
1 0.37399218749999996 0.7126388888888889 0.026039062500000033 0.03281944444444452
1 0.38008593749999997 0.7677222222222222 0.023734374999999995 0.038680555555555426
1 0.413875 0.7035555555555556 0.022085937499999986 0.029888888888888944
1 0.41849218749999995 0.6965138888888889 0.024062499999999966 0.03223611111111116
1 0.5038750000000001 0.6944722222222222 0.02472656250000007 0.029305555555555588
1 0.5266171875000001 0.6168194444444445 0.017468749999999922 0.03223611111111116
1 0.5376640625 0.5927916666666667 0.01978124999999995 0.024027777777777714
1 0.5917265625 0.6279583333333333 0.01780468749999997 0.0345833333333333
1 0.596671875 0.6698611111111111 0.01714062500000004 0.031652777777777724
1 0.6260078124999999 0.6540277777777778 0.025710937500000065 0.03398611111111115
1 0.5638671875 0.7949722222222222 0.014835937500000007 0.03575000000000001
1 0.5684843749999999 0.8242777777777778 0.027359374999999984 0.026375000000000013
1 0.6331015625 0.722013888888889 0.020109375000000006 0.03516666666666666
1 0.69425 0.7129305555555555 0.02439062500000002 0.03340277777777771
1 0.722265625 0.706486111111111 0.020437500000000063 0.03223611111111108
1 0.738421875 0.7319722222222222 0.027687500000000042 0.028125
1 0.7376015625 0.8081666666666667 0.02472656250000007 0.031652777777777724
1 0.696390625 0.8236944444444444 0.030656250000000006 0.024027777777777714
1 0.656171875 0.797611111111111 0.02670312500000005 0.032819444444444595
1 0.645953125 0.7782777777777778 0.020109375000000006 0.025791666666666577
1 0.6438125 0.7592222222222222 0.020437500000000063 0.01700000000000001
1 0.7685859374999999 0.7770972222222222 0.026039062499999942 0.038680555555555426
1 0.791 0.7770972222222222 0.02142968749999996 0.02930555555555543
1 0.8172109375 0.8122638888888889 0.03032812500000013 0.0398472222222223
1 0.8134140625 0.7656666666666666 0.027359374999999984 0.03575000000000001