1 0.10078125 0.5847222222222223 0.040625 0.06944444444444445
1 0.2484375 0.5236111111111111 0.0296875 0.06944444444444445
1 0.3625 0.5208333333333334 0.0390625 0.05555555555555555
1 0.521484375 0.5534722222222223 0.05078125 0.06805555555555555
1 0.695703125 0.5090277777777777 0.03984375 0.07083333333333333
1 0.95703125 0.5034722222222222 0.0515625 0.06805555555555555
1 0.98515625 0.7027777777777777 0.0296875 0.1
1 0.6515625 0.6541666666666667 0.0625 0.09166666666666666
1 0.5484375 0.6104166666666667 0.053125 0.08472222222222223
1 0.3984375 0.6888888888888889 0.0625 0.09166666666666666
1 0.247265625 0.6222222222222222 0.04609375 0.08888888888888889
1 0.313671875 0.7277777777777777 0.07421875 0.10277777777777777
1 0.60703125 0.7145833333333333 0.0703125 0.10138888888888889
1 0.739453125 0.9208333333333333 0.10859375 0.15833333333333333
1 0.5921875 0.775 0.0734375 0.11666666666666667
1 0.47734375 0.7833333333333333 0.059375 0.11388888888888889
1 0.337109375 0.8486111111111111 0.07265625 0.13055555555555556
1 0.226953125 0.9458333333333333 0.05234375 0.10555555555555556
1 0.1671875 0.9152777777777777 0.0390625 0.16111111111111112
1 0.1328125 0.9013888888888889 0.0375 0.15555555555555556
1 0.055078125 0.9097222222222222 0.05703125 0.12222222222222222
1 0.02890625 0.9729166666666667 0.0578125 0.05416666666666667