1 0.62265625 0.2590277777777778 0.046875 0.0875
1 0.038671875 0.3138888888888889 0.05703125 0.1388888888888889
1 0.51953125 0.37222222222222223 0.06875 0.175
1 0.06875 0.49027777777777776 0.1375 0.225
1 0.15703125 0.49236111111111114 0.109375 0.25416666666666665
1 0.251171875 0.43125 0.12421875 0.1875
1 0.33828125 0.42291666666666666 0.06875 0.19305555555555556
1 0.273046875 0.3194444444444444 0.08046875 0.05555555555555555
1 0.658203125 0.34375 0.10859375 0.13472222222222222
1 0.705078125 0.40902777777777777 0.13828125 0.19027777777777777
1 0.8734375 0.39375 0.1375 0.16527777777777777
1 0.961328125 0.33541666666666664 0.07734375 0.10694444444444444
1 0.8359375 0.31805555555555554 0.115625 0.1