1 0.890625 0.10486111111111111 0.0640625 0.08194444444444444
1 0.83046875 0.1597222222222222 0.05 0.12777777777777777
1 0.8390625 0.3 0.0546875 0.14444444444444443
1 0.67578125 0.42986111111111114 0.040625 0.12638888888888888
1 0.633203125 0.5256944444444445 0.06015625 0.12361111111111112
1 0.747265625 0.6770833333333334 0.04453125 0.1375
1 0.8375 0.7666666666666667 0.059375 0.1
1 0.89609375 0.9659722222222222 0.0484375 0.06805555555555555
1 0.711328125 0.8444444444444444 0.06328125 0.1361111111111111
1 0.646875 0.9173611111111111 0.0609375 0.14305555555555555
1 0.56484375 0.9506944444444444 0.0484375 0.09861111111111111