1 0.0100859375 0.6860694444444445 0.020171875 0.03252777777777772
1 0.1201171875 0.659375 0.027210937499999987 0.03920833333333336
1 0.13325 0.6022361111111111 0.027210937499999987 0.033361111111111084
1 0.17383593749999998 0.5250833333333333 0.019234375000000005 0.037541666666666626
1 0.1916640625 0.6973333333333334 0.02956249999999998 0.028361111111111056
1 0.209265625 0.6864861111111111 0.021585937499999996 0.03502777777777782
1 0.22568749999999999 0.6451944444444445 0.026273437499999996 0.04087499999999993
1 0.2789375 0.6940000000000001 0.016421874999999985 0.020013888888888845
1 0.28738281250000003 0.7106805555555556 0.023929687499999998 0.025027777777777833
1 0.3185859375 0.6756527777777778 0.02252343750000003 0.021680555555555574
1 0.3197578125 0.7006666666666667 0.022992187499999962 0.023361111111111103
1 0.37559375 0.6660555555555555 0.022992187499999962 0.03419444444444445
1 0.33923437500000003 0.60475 0.015953124999999967 0.03502777777777782
1 0.362921875 0.6276805555555556 0.022992187499999962 0.030861111111111148
1 0.40163281250000005 0.6222638888888888 0.022523437499999986 0.030027777777777785
1 0.42063281249999995 0.6205972222222222 0.01735937500000002 0.03169444444444451
1 0.36996093750000003 0.5964027777777778 0.024867187500000033 0.025027777777777753
1 0.37136718750000003 0.567625 0.016421874999999985 0.030861111111111148
1 0.37887499999999996 0.5584444444444444 0.01829687499999997 0.02919444444444442
1 0.4832734375 0.6239305555555555 0.022523437499999945 0.028361111111111056
1 0.5475546875 0.6931666666666666 0.011257812500000065 0.03169444444444451
1 0.553890625 0.7173472222222222 0.02299218750000005 0.020013888888888925
1 0.5182265625 0.560125 0.016421874999999985 0.02919444444444442
1 0.5154140625 0.5367638888888889 0.01548437499999995 0.022527777777777817
1 0.5768828125 0.568875 0.01735937500000002 0.03169444444444451
1 0.5789921875 0.6014027777777777 0.015953125000000058 0.026694444444444482
1 0.60315625 0.5914027777777778 0.018296875000000056 0.030027777777777785
1 0.6113671875 0.6389444444444444 0.016890624999999916 0.030027777777777785
1 0.6660234375 0.6381111111111111 0.021117187499999978 0.03169444444444451
1 0.6873750000000001 0.6447777777777778 0.021585937500000086 0.026694444444444482
1 0.689953125 0.6301805555555556 0.01735937500000002 0.02919444444444442
1 0.6474921874999999 0.719013888888889 0.02346093749999998 0.023361111111111103
1 0.6184062499999999 0.6673055555555555 0.018765624999999987 0.020013888888888845
1 0.620515625 0.680236111111111 0.02299218750000005 0.01584722222222218
1 0.625203125 0.6985833333333333 0.02580468749999998 0.02586111111111104
1 0.6988749999999999 0.7073472222222222 0.02299218750000005 0.028361111111111056
1 0.717875 0.6798194444444445 0.02533593750000005 0.03169444444444451
1 0.7476640625 0.6823194444444444 0.022054687500000014 0.025027777777777753
1 0.76690625 0.6760694444444444 0.023929687500000085 0.030861111111111148
1 0.76690625 0.7102638888888889 0.024867187499999943 0.034194444444444375