1 0.526953125 0.9513888888888888 0.03359375 0.09722222222222222
1 0.541796875 0.7138888888888889 0.06796875 0.058333333333333334
1 0.472265625 0.6611111111111111 0.02890625 0.12222222222222222
1 0.37421875 0.7041666666666667 0.0359375 0.1111111111111111
1 0.127734375 0.7659722222222223 0.05078125 0.10694444444444444
1 0.154296875 0.3909722222222222 0.03828125 0.13194444444444445
1 0.083984375 0.5527777777777778 0.04765625 0.1361111111111111
1 0.026953125 0.4708333333333333 0.05078125 0.12222222222222222
1 0.03984375 0.21805555555555556 0.04375 0.12777777777777777
1 0.011328125 0.14097222222222222 0.02265625 0.06805555555555555
1 0.1734375 0.02013888888888889 0.034375 0.04027777777777778
1 0.0359375 0.029166666666666667 0.0484375 0.058333333333333334
1 0.2765625 0.11666666666666667 0.0609375 0.07777777777777778
1 0.372265625 0.08472222222222223 0.02890625 0.11944444444444445
1 0.477734375 0.07361111111111111 0.02734375 0.125
1 0.61171875 0.26458333333333334 0.028125 0.10416666666666667
1 0.161328125 0.9819444444444444 0.04296875 0.03611111111111111
1 0.694140625 0.23472222222222222 0.04609375 0.09444444444444444
1 0.70703125 0.050694444444444445 0.025 0.0875
1 0.68046875 0.041666666666666664 0.0390625 0.06666666666666667
1 0.759375 0.04513888888888889 0.0234375 0.09027777777777778
1 0.810546875 0.15138888888888888 0.05078125 0.08888888888888889
1 0.820703125 0.11597222222222223 0.02734375 0.06527777777777778
1 0.863671875 0.15902777777777777 0.05546875 0.059722222222222225
1 0.877734375 0.21180555555555555 0.06171875 0.10138888888888889
1 0.850390625 0.39861111111111114 0.04921875 0.09444444444444444
1 0.88828125 0.40347222222222223 0.0359375 0.10138888888888889
1 0.9 0.33055555555555555 0.0390625 0.11666666666666667
1 0.9375 0.4236111111111111 0.034375 0.1111111111111111
1 0.983203125 0.5166666666666667 0.03359375 0.10833333333333334
1 0.972265625 0.7 0.03984375 0.1
1 0.9703125 0.2743055555555556 0.0484375 0.1125
1 0.97578125 0.20694444444444443 0.03125 0.06944444444444445