1 0.08671875 0.06736111111111111 0.0578125 0.13472222222222222
1 0.479296875 0.0875 0.07109375 0.175
1 0.378125 0.12430555555555556 0.0921875 0.16527777777777777
1 0.403515625 0.2972222222222222 0.07578125 0.21388888888888888
1 0.358203125 0.27291666666666664 0.06328125 0.22361111111111112
1 0.279296875 0.22847222222222222 0.09453125 0.1763888888888889
1 0.30078125 0.4534722222222222 0.06875 0.22361111111111112
1 0.28359375 0.5569444444444445 0.046875 0.24444444444444444
1 0.472265625 0.7048611111111112 0.09765625 0.2013888888888889
1 0.5484375 0.9090277777777778 0.1078125 0.18194444444444444
1 0.509765625 0.9708333333333333 0.02890625 0.05555555555555555
1 0.416015625 0.9680555555555556 0.10546875 0.06388888888888888
1 0.681640625 0.7034722222222223 0.06015625 0.1986111111111111
1 0.81953125 0.7305555555555555 0.0953125 0.175
1 0.937109375 0.8694444444444445 0.05390625 0.2222222222222222