1 0.896484375 0.17152777777777778 0.04453125 0.06527777777777778
1 0.881640625 0.1125 0.03359375 0.06388888888888888
1 0.934765625 0.16319444444444445 0.05390625 0.06805555555555555
1 0.95625 0.2298611111111111 0.0515625 0.08194444444444444
1 0.9640625 0.325 0.0421875 0.1111111111111111
1 0.961328125 0.44375 0.04453125 0.1125
1 0.920703125 0.4027777777777778 0.04609375 0.1111111111111111
1 0.762890625 0.22361111111111112 0.04609375 0.08055555555555556
1 0.825 0.0375 0.03125 0.075
1 0.75 0.043055555555555555 0.0390625 0.06666666666666667
1 0.781640625 0.06111111111111111 0.02734375 0.09166666666666666
1 0.684765625 0.30277777777777776 0.03046875 0.1111111111111111
1 0.54140625 0.11736111111111111 0.0421875 0.13194444444444445
1 0.446875 0.13680555555555557 0.0328125 0.1125
1 0.353125 0.11388888888888889 0.0546875 0.08611111111111111
1 0.248828125 0.041666666666666664 0.03828125 0.08333333333333333
1 0.08515625 0.15138888888888888 0.0359375 0.11388888888888889
1 0.121484375 0.25555555555555554 0.04609375 0.12222222222222222
1 0.22890625 0.41875 0.040625 0.10694444444444444
1 0.171875 0.5833333333333334 0.046875 0.11944444444444445
1 0.101953125 0.5208333333333334 0.04921875 0.125
1 0.20703125 0.7715277777777778 0.0671875 0.0875
1 0.453515625 0.7 0.03359375 0.10555555555555556
1 0.546875 0.6916666666666667 0.025 0.12222222222222222
1 0.620703125 0.6930555555555555 0.06796875 0.06666666666666667
1 0.6015625 0.9368055555555556 0.040625 0.1125
1 0.24921875 0.9743055555555555 0.0546875 0.05138888888888889