1 0.328125 0.9694444444444444 0.0484375 0.06111111111111111
1 0.67890625 0.9333333333333333 0.040625 0.12222222222222222
1 0.69921875 0.6840277777777778 0.06875 0.06805555555555555
1 0.628515625 0.7229166666666667 0.02890625 0.12916666666666668
1 0.527734375 0.6930555555555555 0.03359375 0.10555555555555556
1 0.2859375 0.7694444444444445 0.065625 0.08055555555555556
1 0.254296875 0.6243055555555556 0.04140625 0.13194444444444445
1 0.303125 0.45069444444444445 0.0359375 0.12638888888888888
1 0.17421875 0.5756944444444444 0.04375 0.14027777777777778
1 0.066015625 0.7347222222222223 0.04453125 0.11388888888888889
1 0.1953125 0.2972222222222222 0.0375 0.1361111111111111
1 0.16640625 0.1763888888888889 0.0359375 0.11388888888888889
1 0.33046875 0.05347222222222222 0.0328125 0.10694444444444444
1 0.283203125 0.03125 0.03984375 0.0625
1 0.430859375 0.09305555555555556 0.05078125 0.08888888888888889
1 0.526171875 0.18125 0.03046875 0.10972222222222222
1 0.6015625 0.14652777777777778 0.0453125 0.1125
1 0.758203125 0.3298611111111111 0.03046875 0.12083333333333333
1 0.8359375 0.21736111111111112 0.046875 0.08194444444444444
1 0.85390625 0.08333333333333333 0.0390625 0.08333333333333333
1 0.82109375 0.03125 0.0515625 0.059722222222222225
1 0.894921875 0.03125 0.03515625 0.0625
1 0.95234375 0.11388888888888889 0.034375 0.08055555555555556