1 0.857421875 0.5756944444444444 0.08046875 0.0763888888888889
1 0.757421875 0.22569444444444445 0.08984375 0.07916666666666666
1 0.690625 0.65625 0.071875 0.14027777777777778
1 0.4609375 0.5013888888888889 0.0640625 0.075
1 0.462890625 0.44583333333333336 0.08046875 0.08611111111111111
1 0.285546875 0.23333333333333334 0.06484375 0.08611111111111111
1 0.209765625 0.24166666666666667 0.06171875 0.1
1 0.115234375 0.30833333333333335 0.05078125 0.09722222222222222
1 0.0828125 0.21388888888888888 0.0609375 0.06944444444444445
1 0.1421875 0.10208333333333333 0.0609375 0.06805555555555555
1 0.082421875 0.07361111111111111 0.06015625 0.06388888888888888
1 0.41015625 0.14791666666666667 0.05625 0.07083333333333333
1 0.516015625 0.14375 0.06015625 0.09861111111111111
1 0.5203125 0.049305555555555554 0.0609375 0.07916666666666666
1 0.452734375 0.14930555555555555 0.06015625 0.10694444444444444
1 0.120703125 0.05416666666666667 0.08359375 0.05
1 0.15390625 0.02847222222222222 0.0578125 0.05694444444444444
1 0.233203125 0.02638888888888889 0.04921875 0.05277777777777778
1 0.309375 0.018055555555555554 0.0609375 0.03611111111111111
1 0.337109375 0.04583333333333333 0.06328125 0.09166666666666666
1 0.37578125 0.04583333333333333 0.06875 0.09166666666666666
1 0.43046875 0.034027777777777775 0.03125 0.06805555555555555
1 0.4578125 0.02638888888888889 0.053125 0.05277777777777778
1 0.44296875 0.0763888888888889 0.0625 0.075