1 0.9140625 0.20416666666666666 0.05 0.08611111111111111
1 0.933984375 0.10069444444444445 0.03984375 0.09583333333333334
1 0.89921875 0.03125 0.053125 0.0625
1 0.8359375 0.35694444444444445 0.03125 0.11666666666666667
1 0.66171875 0.18611111111111112 0.0453125 0.12777777777777777
1 0.6046875 0.23402777777777778 0.03125 0.12361111111111112
1 0.5515625 0.020833333333333332 0.028125 0.041666666666666664
1 0.50234375 0.08472222222222223 0.046875 0.07777777777777778
1 0.409375 0.09305555555555556 0.028125 0.1388888888888889
1 0.36640625 0.041666666666666664 0.03125 0.08333333333333333
1 0.25390625 0.2152777777777778 0.0390625 0.14166666666666666
1 0.375 0.4909722222222222 0.040625 0.12916666666666668
1 0.26640625 0.3458333333333333 0.04375 0.14166666666666666
1 0.366796875 0.7638888888888888 0.06171875 0.08333333333333333
1 0.327734375 0.6618055555555555 0.03828125 0.12361111111111112
1 0.246484375 0.61875 0.03828125 0.13194444444444445
1 0.140625 0.7555555555555555 0.0421875 0.13333333333333333
1 0.412890625 0.96875 0.04140625 0.0625
1 0.60703125 0.69375 0.0359375 0.1125
1 0.71171875 0.7541666666666667 0.028125 0.11944444444444445
1 0.779296875 0.6743055555555556 0.07265625 0.06527777777777778
1 0.759765625 0.9361111111111111 0.04765625 0.1111111111111111
1 0.967578125 0.02638888888888889 0.04921875 0.05277777777777778