1 0.83203125 0.9854166666666667 0.0296875 0.029166666666666667
1 0.722265625 0.8868055555555555 0.03203125 0.04027777777777778
1 0.648828125 0.8402777777777778 0.03203125 0.03333333333333333
1 0.605078125 0.79375 0.03203125 0.034722222222222224
1 0.65703125 0.9277777777777778 0.0234375 0.044444444444444446
1 0.55390625 0.8270833333333333 0.0265625 0.04583333333333333
1 0.03984375 0.7736111111111111 0.025 0.044444444444444446
1 0.022265625 0.9736111111111111 0.04453125 0.05277777777777778
1 0.342578125 0.8416666666666667 0.02734375 0.05
1 0.328125 0.8652777777777778 0.025 0.04722222222222222
1 0.2859375 0.9680555555555556 0.0390625 0.044444444444444446
1 0.394140625 0.9784722222222222 0.03359375 0.043055555555555555
1 0.42578125 0.9930555555555556 0.0375 0.013888888888888888
1 0.5671875 0.9805555555555555 0.0390625 0.03888888888888889