1 0.630859375 0.2708333333333333 0.05390625 0.09444444444444444
1 0.529296875 0.4076388888888889 0.08359375 0.19305555555555556
1 0.362109375 0.46319444444444446 0.13203125 0.24027777777777778
1 0.248828125 0.4222222222222222 0.10546875 0.18611111111111112
1 0.21015625 0.48680555555555555 0.1359375 0.22361111111111112
1 0.08828125 0.5888888888888889 0.1078125 0.3277777777777778
1 0.029296875 0.6083333333333333 0.05859375 0.31666666666666665
1 0.748828125 0.45902777777777776 0.17265625 0.23472222222222222
1 0.676953125 0.3701388888888889 0.11640625 0.15138888888888888
1 0.926171875 0.4361111111111111 0.14765625 0.21944444444444444
1 0.857421875 0.33402777777777776 0.11171875 0.11805555555555555