1 0.916796875 0.3875 0.03671875 0.11388888888888889
1 0.72890625 0.22152777777777777 0.034375 0.14305555555555555
1 0.676953125 0.27847222222222223 0.04453125 0.12638888888888888
1 0.63671875 0.04375 0.0296875 0.0875
1 0.56953125 0.08888888888888889 0.04375 0.10833333333333334
1 0.4875 0.1361111111111111 0.0265625 0.14722222222222223
1 0.44921875 0.05347222222222222 0.0328125 0.10694444444444444
1 0.33203125 0.24305555555555555 0.028125 0.14166666666666666
1 0.333984375 0.375 0.05078125 0.11944444444444445
1 0.44140625 0.5194444444444445 0.05 0.11388888888888889
1 0.683203125 0.7083333333333334 0.04296875 0.10833333333333334
1 0.9828125 0.18541666666666667 0.034375 0.08194444444444444
1 0.866796875 0.6604166666666667 0.07421875 0.0625
1 0.7953125 0.7895833333333333 0.0359375 0.10972222222222222
1 0.842578125 0.9430555555555555 0.04765625 0.1
1 0.49375 0.9638888888888889 0.0453125 0.07222222222222222
1 0.450390625 0.7611111111111111 0.06328125 0.08611111111111111
1 0.398046875 0.6986111111111111 0.04609375 0.13055555555555556
1 0.32109375 0.6708333333333333 0.040625 0.1388888888888889
1 0.221484375 0.7881944444444444 0.03828125 0.13472222222222222