1 0.807421875 0.043055555555555555 0.04140625 0.08333333333333333
1 0.6484375 0.12569444444444444 0.053125 0.0625
1 0.65078125 0.47708333333333336 0.065625 0.05416666666666667
1 0.721875 0.7368055555555556 0.059375 0.043055555555555555
1 0.53671875 0.7409722222222223 0.0640625 0.059722222222222225
1 0.43125 0.6930555555555555 0.0453125 0.06944444444444445
1 0.384765625 0.6729166666666667 0.05546875 0.05138888888888889
1 0.29765625 0.4861111111111111 0.0484375 0.06111111111111111
1 0.24296875 0.4986111111111111 0.053125 0.06944444444444445
1 0.18046875 0.5423611111111111 0.0359375 0.07916666666666666
1 0.04375 0.5479166666666667 0.0515625 0.0763888888888889
1 0.14609375 0.46875 0.046875 0.05416666666666667
1 0.567578125 0.23055555555555557 0.05703125 0.06388888888888888
1 0.47421875 0.3388888888888889 0.046875 0.05277777777777778
1 0.4703125 0.4166666666666667 0.0359375 0.07222222222222222
1 0.426171875 0.41944444444444445 0.04296875 0.06388888888888888
1 0.41796875 0.36180555555555555 0.040625 0.05416666666666667
1 0.422265625 0.3284722222222222 0.04921875 0.06527777777777778
1 0.41171875 0.3104166666666667 0.040625 0.059722222222222225
1 0.355078125 0.27708333333333335 0.03984375 0.05694444444444444
1 0.376171875 0.3909722222222222 0.04765625 0.07916666666666666
1 0.32734375 0.37083333333333335 0.0625 0.058333333333333334
1 0.1921875 0.37916666666666665 0.0484375 0.058333333333333334
1 0.146875 0.3736111111111111 0.0453125 0.058333333333333334
1 0.168359375 0.3458333333333333 0.04609375 0.03333333333333333
1 0.17265625 0.19583333333333333 0.0453125 0.05
1 0.194921875 0.30694444444444446 0.04453125 0.044444444444444446
1 0.21484375 0.32430555555555557 0.0484375 0.04027777777777778
1 0.224609375 0.2076388888888889 0.04140625 0.04861111111111111
1 0.255859375 0.23402777777777778 0.04609375 0.05416666666666667
1 0.27890625 0.23958333333333334 0.0515625 0.05694444444444444
1 0.267578125 0.29791666666666666 0.06015625 0.043055555555555555
1 0.316796875 0.2513888888888889 0.03828125 0.05
1 0.311328125 0.33194444444444443 0.06484375 0.03611111111111111