1 0.75625 0.5951388888888889 0.0765625 0.15694444444444444
1 0.927734375 0.49722222222222223 0.08984375 0.09166666666666666
1 0.809765625 0.10208333333333333 0.10546875 0.09305555555555556
1 0.524609375 0.3347222222222222 0.09140625 0.08333333333333333
1 0.474609375 0.39652777777777776 0.07421875 0.10972222222222222
1 0.47578125 0.034722222222222224 0.05 0.06944444444444445
1 0.425 0.03611111111111111 0.0484375 0.07222222222222222
1 0.523046875 0.04236111111111111 0.03359375 0.08472222222222223
1 0.277734375 0.11180555555555556 0.07578125 0.1125
1 0.19609375 0.11736111111111111 0.053125 0.1375
1 0.076953125 0.10694444444444444 0.07109375 0.07222222222222222
1 0.083984375 0.19444444444444445 0.05859375 0.11388888888888889