1 0.53984375 0.06736111111111111 0.0296875 0.13472222222222222
1 0.567578125 0.1798611111111111 0.03046875 0.1486111111111111
1 0.6390625 0.09097222222222222 0.05 0.10972222222222222
1 0.719140625 0.06944444444444445 0.02734375 0.13055555555555556
1 0.809765625 0.25972222222222224 0.03984375 0.14166666666666666
1 0.754296875 0.3159722222222222 0.04921875 0.1125
1 0.95234375 0.65 0.0703125 0.06111111111111111
1 0.763671875 0.7118055555555556 0.05078125 0.08472222222222223
1 0.87109375 0.8048611111111111 0.0609375 0.09583333333333334
1 0.916796875 0.9472222222222222 0.05859375 0.10277777777777777
1 0.583984375 0.9611111111111111 0.04921875 0.07777777777777778
1 0.535546875 0.7527777777777778 0.06015625 0.09166666666666666
1 0.46484375 0.7298611111111111 0.059375 0.11527777777777778
1 0.504296875 0.5576388888888889 0.05703125 0.10138888888888889
1 0.412890625 0.27708333333333335 0.02890625 0.1486111111111111
1 0.401953125 0.4111111111111111 0.05703125 0.12222222222222222
1 0.395703125 0.7256944444444444 0.04140625 0.14027777777777778
1 0.30078125 0.825 0.0421875 0.13055555555555556