1 0.283984375 0.7076388888888889 0.07734375 0.2013888888888889
1 0.03515625 0.5444444444444444 0.0703125 0.16666666666666666
1 0.142578125 0.5791666666666667 0.10859375 0.15
1 0.11484375 0.5277777777777778 0.0859375 0.12222222222222222
1 0.1953125 0.5229166666666667 0.0890625 0.09861111111111111
1 0.2578125 0.5104166666666666 0.084375 0.09305555555555556
1 0.303125 0.6381944444444444 0.1171875 0.1625
1 0.337109375 0.5611111111111111 0.04453125 0.1
1 0.329296875 0.41805555555555557 0.07109375 0.08333333333333333
1 0.40859375 0.3736111111111111 0.0578125 0.06666666666666667
1 0.553125 0.3423611111111111 0.046875 0.07361111111111111
1 0.5984375 0.37083333333333335 0.04375 0.07777777777777778
1 0.682421875 0.3368055555555556 0.03359375 0.05416666666666667
1 0.71875 0.38958333333333334 0.0609375 0.06805555555555555
1 0.796875 0.3861111111111111 0.065625 0.08055555555555556
1 0.884375 0.34444444444444444 0.0546875 0.075
1 0.92890625 0.36180555555555555 0.05 0.09027777777777778
1 0.977734375 0.39305555555555555 0.04453125 0.08611111111111111
1 0.898046875 0.42986111111111114 0.08046875 0.09305555555555556
1 0.781640625 0.4444444444444444 0.07109375 0.1
1 0.73671875 0.4777777777777778 0.0796875 0.12222222222222222
1 0.6265625 0.45416666666666666 0.0828125 0.10277777777777777
1 0.620703125 0.49930555555555556 0.08671875 0.12083333333333333
1 0.53984375 0.5215277777777778 0.1125 0.14305555555555555
1 0.476953125 0.5506944444444445 0.07109375 0.14583333333333334
1 0.450390625 0.4666666666666667 0.06484375 0.08333333333333333
1 0.39921875 0.5458333333333333 0.075 0.14722222222222223
1 0.385546875 0.5833333333333334 0.05859375 0.15555555555555556
1 0.5578125 0.45555555555555555 0.0640625 0.06666666666666667