1 0.09609375 0.27361111111111114 0.046875 0.09444444444444444
1 0.365234375 0.36527777777777776 0.07265625 0.12777777777777777
1 0.13203125 0.4013888888888889 0.1515625 0.19444444444444445
1 0.221484375 0.40069444444444446 0.09140625 0.1986111111111111
1 0.294921875 0.34791666666666665 0.09765625 0.11527777777777778
1 0.301171875 0.2826388888888889 0.07734375 0.034722222222222224
1 0.495703125 0.325 0.06640625 0.14444444444444443
1 0.5953125 0.23958333333333334 0.0359375 0.08194444444444444
1 0.666015625 0.3715277777777778 0.11328125 0.12916666666666668
1 0.6078125 0.30694444444444446 0.0734375 0.08333333333333333
1 0.78359375 0.3451388888888889 0.1078125 0.14583333333333334
1 0.875390625 0.30486111111111114 0.08203125 0.10416666666666667
1 0.9234375 0.29791666666666666 0.046875 0.10972222222222222
1 0.970703125 0.2847222222222222 0.04296875 0.09166666666666666
1 0.772265625 0.2673611111111111 0.10546875 0.06805555555555555
1 0.6390625 0.2625 0.05 0.05277777777777778