1 0.903125 0.9194444444444444 0.071875 0.09166666666666666
1 0.68671875 0.7458333333333333 0.0390625 0.11388888888888889
1 0.624609375 0.8159722222222222 0.04453125 0.13194444444444445
1 0.5359375 0.8368055555555556 0.065625 0.08472222222222223
1 0.570703125 0.9298611111111111 0.04296875 0.10694444444444444
1 0.611328125 0.9666666666666667 0.03515625 0.06666666666666667
1 0.51953125 0.9486111111111111 0.0609375 0.10277777777777777
1 0.380078125 0.7125 0.04921875 0.11388888888888889
1 0.37578125 0.7659722222222223 0.0625 0.09583333333333334
1 0.33671875 0.7625 0.059375 0.09444444444444444
1 0.312890625 0.9368055555555556 0.04140625 0.12638888888888888
1 0.27109375 0.9590277777777778 0.040625 0.08194444444444444
1 0.231640625 0.9625 0.03359375 0.075
1 0.12734375 0.6340277777777777 0.05625 0.11805555555555555