1 0.91640625 0.20555555555555555 0.0296875 0.08055555555555556
1 0.896875 0.22916666666666666 0.0390625 0.09166666666666666
1 0.86953125 0.38958333333333334 0.0328125 0.10694444444444444
1 0.90625 0.48680555555555555 0.05 0.09305555555555556
1 0.908984375 0.70625 0.03671875 0.10972222222222222
1 0.8359375 0.3284722222222222 0.0390625 0.0875
1 0.8171875 0.39305555555555555 0.034375 0.09166666666666666
1 0.787109375 0.41041666666666665 0.03515625 0.0875
1 0.8015625 0.19791666666666666 0.05 0.0763888888888889
1 0.7984375 0.14375 0.0484375 0.08472222222222223
1 0.69375 0.04375 0.0359375 0.0875
1 0.75625 0.12291666666666666 0.03125 0.07083333333333333
1 0.73984375 0.1451388888888889 0.040625 0.07916666666666666
1 0.628515625 0.2375 0.04296875 0.08888888888888889
1 0.642578125 0.05416666666666667 0.02421875 0.06944444444444445
1 0.615234375 0.04652777777777778 0.03828125 0.08194444444444444
1 0.540234375 0.23541666666666666 0.02578125 0.09861111111111111
1 0.408203125 0.05486111111111111 0.03203125 0.10972222222222222
1 0.297265625 0.059027777777777776 0.03359375 0.11805555555555555
1 0.204296875 0.11666666666666667 0.05859375 0.058333333333333334
1 0.0796875 0.3541666666666667 0.040625 0.11666666666666667
1 0.0140625 0.5381944444444444 0.028125 0.07083333333333333
1 0.046484375 0.7590277777777777 0.04453125 0.1125
1 0.295703125 0.7118055555555556 0.03203125 0.10416666666666667
1 0.396484375 0.6284722222222222 0.02734375 0.11805555555555555
1 0.46640625 0.7236111111111111 0.059375 0.06944444444444445
1 0.45 0.9548611111111112 0.0359375 0.09027777777777778
1 0.98828125 0.12569444444444444 0.0234375 0.1125