1 0.08203125 0.6861111111111111 0.025 0.041666666666666664
1 0.05859375 0.8402777777777778 0.04375 0.041666666666666664
1 0.012890625 0.9875 0.02578125 0.025
1 0.166796875 0.9520833333333333 0.03984375 0.05416666666666667
1 0.301171875 0.8430555555555556 0.03359375 0.05
1 0.341796875 0.7631944444444444 0.02578125 0.04583333333333333
1 0.354296875 0.7444444444444445 0.02578125 0.044444444444444446
1 0.38828125 0.8458333333333333 0.0328125 0.041666666666666664
1 0.3859375 0.9104166666666667 0.0375 0.04861111111111111
1 0.417578125 0.8625 0.02734375 0.027777777777777776
1 0.439453125 0.8888888888888888 0.03828125 0.041666666666666664
1 0.539453125 0.8534722222222222 0.03515625 0.043055555555555555
1 0.54296875 0.7375 0.0265625 0.041666666666666664
1 0.576953125 0.7076388888888889 0.02890625 0.0375
1 0.625390625 0.7513888888888889 0.02890625 0.041666666666666664
1 0.62890625 0.8159722222222222 0.025 0.04583333333333333
1 0.682421875 0.7888888888888889 0.02890625 0.027777777777777776
1 0.680078125 0.9020833333333333 0.02421875 0.05138888888888889
1 0.75234375 0.8861111111111111 0.0296875 0.04722222222222222
1 0.7875 0.8763888888888889 0.0265625 0.05277777777777778
1 0.830859375 0.9131944444444444 0.03203125 0.04027777777777778
1 0.9078125 0.9652777777777778 0.0390625 0.05
1 0.866015625 0.9673611111111111 0.02265625 0.0375
1 0.880078125 0.9770833333333333 0.02578125 0.04583333333333333
1 0.6953125 0.9430555555555555 0.0328125 0.022222222222222223
1 0.705078125 0.9888888888888889 0.02734375 0.022222222222222223
1 0.700390625 0.9652777777777778 0.03203125 0.022222222222222223