1 0.852734375 0.8493055555555555 0.03203125 0.04583333333333333
1 0.8625 0.9083333333333333 0.0375 0.05
1 0.82890625 0.8611111111111112 0.0234375 0.041666666666666664
1 0.810546875 0.8611111111111112 0.01953125 0.027777777777777776
1 0.778515625 0.8076388888888889 0.03046875 0.0375
1 0.751171875 0.7756944444444445 0.02578125 0.043055555555555555
1 0.721875 0.7868055555555555 0.028125 0.04027777777777778
1 0.773828125 0.9055555555555556 0.02890625 0.041666666666666664
1 0.73984375 0.9305555555555556 0.0375 0.041666666666666664
1 0.683203125 0.89375 0.03359375 0.04861111111111111
1 0.58359375 0.9277777777777778 0.03125 0.030555555555555555
1 0.577734375 0.8875 0.01796875 0.03888888888888889
1 0.653125 0.7972222222222223 0.0234375 0.041666666666666664
1 0.66953125 0.8652777777777778 0.0203125 0.025
1 0.66640625 0.84375 0.0234375 0.02361111111111111
1 0.651171875 0.7118055555555556 0.02890625 0.034722222222222224
1 0.61171875 0.73125 0.021875 0.034722222222222224
1 0.60546875 0.6805555555555556 0.021875 0.03888888888888889
1 0.5546875 0.6430555555555556 0.025 0.03333333333333333
1 0.534375 0.6694444444444444 0.025 0.041666666666666664
1 0.520703125 0.7611111111111111 0.03203125 0.03333333333333333
1 0.42734375 0.7805555555555556 0.0359375 0.03611111111111111
1 0.41484375 0.7604166666666666 0.0234375 0.029166666666666667
1 0.3828125 0.7465277777777778 0.0296875 0.034722222222222224
1 0.353125 0.6861111111111111 0.021875 0.044444444444444446
1 0.362890625 0.6680555555555555 0.02578125 0.03888888888888889
1 0.311328125 0.7395833333333334 0.02109375 0.034722222222222224
1 0.296875 0.89375 0.0328125 0.05416666666666667
1 0.288671875 0.9083333333333333 0.02890625 0.04722222222222222
1 0.11796875 0.6263888888888889 0.0234375 0.044444444444444446
1 0.0875 0.7451388888888889 0.034375 0.0375
1 0.05625 0.8555555555555555 0.0296875 0.05277777777777778
1 0.0953125 0.9166666666666666 0.0328125 0.05
1 0.133203125 0.8895833333333333 0.03046875 0.04861111111111111
1 0.191015625 0.8229166666666666 0.03515625 0.04583333333333333
1 0.2265625 0.9020833333333333 0.028125 0.0375
1 0.234765625 0.9298611111111111 0.03359375 0.04027777777777778
1 0.37890625 0.7965277777777777 0.03125 0.04583333333333333
1 0.3796875 0.8694444444444445 0.028125 0.05277777777777778