1 0.80703125 0.9409722222222222 0.090625 0.11805555555555555
1 0.684765625 0.925 0.07890625 0.15
1 0.555078125 0.09444444444444444 0.07734375 0.175
1 0.479296875 0.2791666666666667 0.07265625 0.19722222222222222
1 0.3859375 0.36944444444444446 0.0890625 0.20555555555555555
1 0.437890625 0.5652777777777778 0.06640625 0.2
1 0.3890625 0.5111111111111111 0.0671875 0.21666666666666667
1 0.301171875 0.48194444444444445 0.08671875 0.17777777777777778
1 0.326953125 0.6708333333333333 0.07578125 0.18055555555555555
1 0.465234375 0.9083333333333333 0.08828125 0.18333333333333332
1 0.327734375 0.8402777777777778 0.05546875 0.20277777777777778
1 0.11796875 0.24027777777777778 0.0703125 0.225
1 0.04921875 0.21041666666666667 0.09375 0.21805555555555556
1 0.989453125 0.42083333333333334 0.02109375 0.04722222222222222