1 0.972265625 0.5340277777777778 0.05234375 0.07361111111111111
1 0.8625 0.4465277777777778 0.0296875 0.04861111111111111
1 0.869140625 0.5375 0.04765625 0.05277777777777778
1 0.8375 0.5465277777777777 0.0453125 0.06805555555555555
1 0.665234375 0.61875 0.05078125 0.08472222222222223
1 0.667578125 0.4513888888888889 0.02890625 0.04722222222222222
1 0.632421875 0.5243055555555556 0.03515625 0.04861111111111111
1 0.566015625 0.5034722222222222 0.02890625 0.05416666666666667
1 0.540625 0.47430555555555554 0.034375 0.04861111111111111
1 0.430078125 0.4576388888888889 0.02890625 0.04027777777777778
1 0.472265625 0.5361111111111111 0.03828125 0.058333333333333334
1 0.524609375 0.58125 0.03515625 0.059722222222222225
1 0.595703125 0.5743055555555555 0.04453125 0.059722222222222225
1 0.602734375 0.55 0.04140625 0.05555555555555555
1 0.453515625 0.6013888888888889 0.04453125 0.06388888888888888
1 0.42421875 0.5513888888888889 0.04375 0.05277777777777778
1 0.3625 0.5104166666666666 0.0265625 0.05138888888888889
1 0.34609375 0.45694444444444443 0.021875 0.05
1 0.259375 0.4951388888888889 0.03125 0.04861111111111111
1 0.195703125 0.5458333333333333 0.05234375 0.058333333333333334
1 0.032421875 0.95625 0.04609375 0.0875
1 0.06875 0.7118055555555556 0.065625 0.08194444444444444
1 0.22734375 0.7444444444444445 0.034375 0.1
1 0.184375 0.6986111111111111 0.0625 0.07777777777777778
1 0.2453125 0.6319444444444444 0.03125 0.06944444444444445
1 0.272265625 0.7173611111111111 0.04765625 0.08472222222222223
1 0.290234375 0.6763888888888889 0.04140625 0.06388888888888888
1 0.3640625 0.6097222222222223 0.0203125 0.06666666666666667
1 0.408984375 0.6395833333333333 0.03828125 0.08194444444444444
1 0.3734375 0.6833333333333333 0.0359375 0.08055555555555556
1 0.346484375 0.6027777777777777 0.01640625 0.05277777777777778
1 0.307421875 0.6027777777777777 0.03046875 0.03333333333333333
1 0.341796875 0.6840277777777778 0.05078125 0.07083333333333333
1 0.128125 0.7506944444444444 0.0546875 0.0763888888888889
1 0.156640625 0.7979166666666667 0.02890625 0.09861111111111111
1 0.132421875 0.7659722222222223 0.02578125 0.09861111111111111
1 0.105078125 0.8805555555555555 0.08203125 0.11666666666666667
1 0.11171875 0.8423611111111111 0.090625 0.12361111111111112
1 0.02421875 0.6875 0.0484375 0.06944444444444445