1 0.1106171875 0.695236111111111 0.026898437500000004 0.04087499999999993
1 0.1253671875 0.627375 0.02949999999999999 0.03470833333333335
1 0.16159375 0.5398472222222223 0.01692187500000002 0.026222222222222216
1 0.17286718750000002 0.7357222222222223 0.023859375000000016 0.02930555555555543
1 0.195640625 0.7237777777777777 0.021687500000000016 0.037791666666666716
1 0.21993749999999998 0.6748055555555555 0.026898437499999962 0.038555555555555544
1 0.2756796875 0.7415138888888889 0.024726562499999983 0.03933333333333325
1 0.3125546875 0.7284027777777778 0.018656249999999996 0.033166666666666816
1 0.312984375 0.7118194444444444 0.019523437500000008 0.030847222222222272
1 0.3344609375 0.6285277777777778 0.01821875000000004 0.030847222222222272
1 0.3669921875 0.5857222222222223 0.014749999999999996 0.03008333333333329
1 0.3745859375 0.5780138888888889 0.01604687499999997 0.03162499999999997
1 0.3728515625 0.6246666666666667 0.022992187499999962 0.03238888888888896
1 0.3676484375 0.655513888888889 0.022992187499999962 0.029305555555555588
1 0.3782734375 0.6987083333333333 0.02603125000000004 0.030847222222222193
1 0.40928906249999997 0.6539722222222223 0.02646093749999996 0.030847222222222272
1 0.41775 0.6443333333333333 0.02168749999999999 0.02852777777777773
1 0.49084374999999997 0.6455 0.02299218750000005 0.0277638888888889
1 0.521859375 0.5803333333333333 0.01735156250000003 0.02852777777777773
1 0.5238125 0.5579583333333333 0.02125781250000003 0.025444444444444513
1 0.5533125 0.7364999999999999 0.018656250000000086 0.043180555555555444
1 0.5827578124999999 0.5891527777777777 0.017429687499999957 0.030986111111111034
1 0.585609375 0.6249305555555555 0.015531250000000085 0.028180555555555504
1 0.6104921875 0.61225 0.022187500000000072 0.029861111111111113
1 0.6192109375 0.6669166666666667 0.018070312500000085 0.03325000000000008
1 0.676265625 0.6646527777777778 0.024406250000000008 0.030986111111111034
1 0.7014609375 0.6528194444444444 0.018382812499999977 0.02648611111111118
1 0.7060625 0.6756527777777778 0.02567187499999992 0.028180555555555504
1 0.6648515625 0.7545416666666667 0.026945312500000006 0.027041666666666703
1 0.5585078125 0.7528472222222221 0.02472656250000007 0.021416666666666768
1 0.63775 0.7325555555555556 0.02282031250000003 0.031555555555555594
1 0.6288750000000001 0.7179166666666666 0.022187500000000072 0.027041666666666703
1 0.627609375 0.6979027777777778 0.021554687499999937 0.018597222222222203
1 0.7122421875 0.7429861111111111 0.022187500000000072 0.03549999999999993
1 0.7356953125000001 0.7136805555555555 0.024093749999999935 0.030986111111111034
1 0.7642265625 0.7136805555555555 0.02028906250000002 0.024236111111111173
1 0.784671875 0.7072083333333334 0.028210937499999922 0.032680555555555595
1 0.7859375 0.7446805555555555 0.027578124999999964 0.034375