1 0.1625 0.09375 0.0484375 0.05416666666666667
1 0.22578125 0.1111111111111111 0.0546875 0.04722222222222222
1 0.676171875 0.029861111111111113 0.06015625 0.059722222222222225
1 0.6046875 0.13125 0.0578125 0.07083333333333333
1 0.68125 0.40694444444444444 0.0640625 0.06944444444444445
1 0.754296875 0.69375 0.06484375 0.07083333333333333
1 0.578515625 0.7076388888888889 0.06484375 0.07083333333333333
1 0.4375 0.6430555555555556 0.05 0.06944444444444445
1 0.39296875 0.6104166666666667 0.0640625 0.04861111111111111
1 0.29140625 0.4166666666666667 0.0546875 0.06388888888888888
1 0.231640625 0.4236111111111111 0.05703125 0.08055555555555556
1 0.16015625 0.4777777777777778 0.0375 0.08611111111111111
1 0.0203125 0.47291666666666665 0.040625 0.07361111111111111
1 0.1234375 0.3958333333333333 0.05 0.06388888888888888
1 0.12578125 0.2972222222222222 0.0453125 0.05555555555555555
1 0.180078125 0.30625 0.05390625 0.05416666666666667
1 0.146875 0.2638888888888889 0.05 0.03888888888888889
1 0.17578125 0.22430555555555556 0.0515625 0.04583333333333333
1 0.22578125 0.23125 0.0453125 0.043055555555555555
1 0.48125 0.3375 0.0421875 0.075
1 0.485546875 0.2590277777777778 0.04921875 0.059722222222222225
1 0.41640625 0.22569444444444445 0.046875 0.08472222222222223
1 0.426171875 0.2423611111111111 0.05859375 0.059722222222222225
1 0.430859375 0.34930555555555554 0.04609375 0.06527777777777778
1 0.423046875 0.2861111111111111 0.05234375 0.06388888888888888
1 0.38828125 0.3236111111111111 0.0390625 0.06944444444444445
1 0.34140625 0.2833333333333333 0.059375 0.06666666666666667
1 0.3671875 0.18472222222222223 0.0578125 0.06944444444444445
1 0.323828125 0.24583333333333332 0.06328125 0.03333333333333333
1 0.28359375 0.19652777777777777 0.06875 0.04861111111111111
1 0.27265625 0.12638888888888888 0.04375 0.05
1 0.29375 0.13125 0.046875 0.04861111111111111
1 0.316796875 0.1527777777777778 0.04765625 0.03888888888888889
1 0.2625 0.16180555555555556 0.0609375 0.0375