1 0.0125 0.4840277777777778 0.025 0.08194444444444444
1 0.1375 0.4638888888888889 0.0609375 0.07777777777777778
1 0.191796875 0.5805555555555556 0.07421875 0.11944444444444445
1 0.20078125 0.5194444444444445 0.090625 0.06388888888888888
1 0.212109375 0.4798611111111111 0.05390625 0.05138888888888889
1 0.306640625 0.5305555555555556 0.05703125 0.09444444444444444
1 0.284765625 0.5048611111111111 0.06953125 0.0763888888888889
1 0.42421875 0.5819444444444445 0.0609375 0.12222222222222222
1 0.3765625 0.5319444444444444 0.046875 0.08333333333333333
1 0.3421875 0.5041666666666667 0.05 0.08055555555555556
1 0.376953125 0.47847222222222224 0.06015625 0.05416666666666667
1 0.41328125 0.41597222222222224 0.0546875 0.07361111111111111
1 0.4671875 0.38055555555555554 0.0484375 0.058333333333333334
1 0.460546875 0.5305555555555556 0.03046875 0.1
1 0.48984375 0.5333333333333333 0.0390625 0.09444444444444444
1 0.497265625 0.5076388888888889 0.06015625 0.10694444444444444
1 0.558203125 0.49166666666666664 0.05078125 0.08611111111111111
1 0.515234375 0.44305555555555554 0.04140625 0.05
1 0.579296875 0.3548611111111111 0.03828125 0.05694444444444444
1 0.620703125 0.37916666666666665 0.03203125 0.058333333333333334
1 0.5953125 0.4847222222222222 0.0453125 0.07222222222222222
1 0.649609375 0.4840277777777778 0.06015625 0.07361111111111111
1 0.63359375 0.42291666666666666 0.0375 0.04027777777777778
1 0.671875 0.44513888888888886 0.028125 0.07916666666666666
1 0.690625 0.3527777777777778 0.0359375 0.058333333333333334
1 0.732421875 0.45416666666666666 0.04765625 0.08611111111111111
1 0.720703125 0.4 0.04453125 0.041666666666666664
1 0.766796875 0.4340277777777778 0.04609375 0.07361111111111111
1 0.778125 0.39652777777777776 0.0546875 0.06527777777777778
1 0.8515625 0.4215277777777778 0.0625 0.0763888888888889
1 0.866796875 0.35694444444444445 0.05390625 0.05
1 0.9 0.4013888888888889 0.0453125 0.07777777777777778
1 0.975390625 0.325 0.02109375 0.05
1 0.985546875 0.38055555555555554 0.02890625 0.044444444444444446
1 0.971875 0.4354166666666667 0.05625 0.07916666666666666
1 0.937890625 0.4027777777777778 0.03984375 0.04722222222222222