1 0.037109375 0.42777777777777776 0.05546875 0.13333333333333333
1 0.156640625 0.825 0.04765625 0.125
1 0.19765625 0.81875 0.046875 0.13472222222222222
1 0.25625 0.8277777777777777 0.0515625 0.1361111111111111
1 0.34296875 0.6333333333333333 0.0640625 0.10833333333333334
1 0.31640625 0.5305555555555556 0.05625 0.10555555555555556
1 0.301171875 0.6236111111111111 0.07265625 0.11388888888888889
1 0.479296875 0.8256944444444444 0.05390625 0.09861111111111111
1 0.496875 0.9340277777777778 0.0546875 0.13194444444444445
1 0.591015625 0.8777777777777778 0.03515625 0.14722222222222223
1 0.551953125 0.8395833333333333 0.03359375 0.13472222222222222
1 0.52421875 0.7173611111111111 0.059375 0.12638888888888888
1 0.599609375 0.6763888888888889 0.04296875 0.1361111111111111
1 0.661328125 0.575 0.04140625 0.10833333333333334
1 0.938671875 0.7979166666666667 0.07109375 0.09861111111111111