1 0.62734375 0.6770833333333334 0.06875 0.10694444444444444
1 0.799609375 0.6381944444444444 0.07265625 0.059722222222222225
1 0.712109375 0.3236111111111111 0.07421875 0.058333333333333334
1 0.65546875 0.027777777777777776 0.075 0.05555555555555555
1 0.446484375 0.5791666666666667 0.05859375 0.08611111111111111
1 0.426953125 0.5458333333333333 0.06171875 0.09166666666666666
1 0.49375 0.2423611111111111 0.046875 0.06805555555555555
1 0.5 0.16180555555555556 0.0546875 0.07361111111111111
1 0.441015625 0.25833333333333336 0.05703125 0.08888888888888889
1 0.4 0.25416666666666665 0.0484375 0.07777777777777778
1 0.287890625 0.33541666666666664 0.05703125 0.08194444444444444
1 0.219921875 0.34652777777777777 0.06015625 0.0875
1 0.14140625 0.4 0.0421875 0.09444444444444444
1 0.100390625 0.30833333333333335 0.05078125 0.06111111111111111
1 0.161328125 0.21597222222222223 0.05859375 0.059722222222222225
1 0.126171875 0.17291666666666666 0.05546875 0.043055555555555555
1 0.108203125 0.20277777777777778 0.05546875 0.05277777777777778
1 0.16171875 0.13055555555555556 0.053125 0.06666666666666667
1 0.228515625 0.12986111111111112 0.06171875 0.0625
1 0.4265625 0.11319444444444444 0.0390625 0.05416666666666667
1 0.437109375 0.1486111111111111 0.05546875 0.06944444444444445
1 0.4359375 0.18680555555555556 0.0578125 0.0763888888888889
1 0.3578125 0.1701388888888889 0.0578125 0.07916666666666666
1 0.332421875 0.15625 0.05546875 0.07916666666666666
1 0.3921875 0.06597222222222222 0.0578125 0.0875
1 0.353125 0.05694444444444444 0.0484375 0.06666666666666667
1 0.302734375 0.08958333333333333 0.04921875 0.0625
1 0.313671875 0.04097222222222222 0.04765625 0.05138888888888889
1 0.26640625 0.06805555555555555 0.040625 0.03888888888888889