1 0.05625 0.46805555555555556 0.0640625 0.075
1 0.1890625 0.4527777777777778 0.0546875 0.07222222222222222
1 0.25625 0.5486111111111112 0.065625 0.09166666666666666
1 0.249609375 0.4965277777777778 0.06640625 0.059722222222222225
1 0.264453125 0.4722222222222222 0.05078125 0.06388888888888888
1 0.328125 0.4840277777777778 0.0578125 0.0763888888888889
1 0.355859375 0.5034722222222222 0.05546875 0.08194444444444444
1 0.40703125 0.5118055555555555 0.0390625 0.08194444444444444
1 0.450390625 0.5444444444444444 0.04453125 0.09166666666666666
1 0.4390625 0.4131944444444444 0.0484375 0.07083333333333333
1 0.48359375 0.38125 0.040625 0.05416666666666667
1 0.58984375 0.3541666666666667 0.0359375 0.05555555555555555
1 0.412890625 0.46458333333333335 0.04921875 0.05138888888888889
1 0.48828125 0.5069444444444444 0.0265625 0.08055555555555556
1 0.5171875 0.5125 0.028125 0.08611111111111111
1 0.521875 0.48055555555555557 0.0453125 0.07777777777777778
1 0.56796875 0.4736111111111111 0.040625 0.06388888888888888
1 0.631640625 0.37916666666666665 0.03359375 0.05
1 0.690625 0.3451388888888889 0.034375 0.04583333333333333
1 0.65 0.46319444444444446 0.0609375 0.0625
1 0.596875 0.4618055555555556 0.0484375 0.07916666666666666
1 0.680859375 0.4326388888888889 0.03984375 0.06805555555555555
1 0.7296875 0.44166666666666665 0.0453125 0.07222222222222222
1 0.719921875 0.3951388888888889 0.04609375 0.04861111111111111
1 0.76171875 0.4263888888888889 0.0453125 0.06944444444444445
1 0.7703125 0.3902777777777778 0.0421875 0.05555555555555555
1 0.837890625 0.4152777777777778 0.05703125 0.07222222222222222
1 0.947265625 0.41944444444444445 0.05390625 0.075
1 0.9609375 0.32013888888888886 0.0171875 0.04583333333333333
1 0.974609375 0.38333333333333336 0.05078125 0.06111111111111111
1 0.916015625 0.40069444444444446 0.03515625 0.04861111111111111
1 0.86484375 0.39305555555555555 0.0625 0.06388888888888888
1 0.8546875 0.35 0.0515625 0.041666666666666664