1 0.173046875 0.5229166666666667 0.01796875 0.034722222222222224
1 0.134375 0.6027777777777777 0.028125 0.041666666666666664
1 0.0109375 0.6840277777777778 0.021875 0.0375
1 0.11953125 0.6597222222222222 0.025 0.03888888888888889
1 0.226171875 0.64375 0.02578125 0.0375
1 0.210546875 0.6881944444444444 0.02265625 0.0375
1 0.19296875 0.6986111111111111 0.028125 0.030555555555555555
1 0.2859375 0.7041666666666667 0.028125 0.041666666666666664
1 0.319265625 0.6915416666666667 0.018789062499999964 0.032819444444444436
1 0.3748125 0.666625 0.020437499999999977 0.0345833333333333
1 0.3397109375 0.6048055555555555 0.016812499999999987 0.035166666666666735
1 0.363609375 0.62825 0.02307812499999997 0.030472222222222296
1 0.37003125 0.600111111111111 0.02274218750000001 0.028125
1 0.3710234375 0.5684722222222223 0.014835937500000007 0.030472222222222296
1 0.378109375 0.5585 0.01714062500000004 0.029305555555555588
1 0.4028359375 0.6235555555555555 0.022414062500000043 0.030472222222222296
1 0.419484375 0.6203333333333333 0.016812499999999987 0.031055555555555576
1 0.4842578125 0.6250277777777777 0.020437500000000063 0.029888888888888864
1 0.515578125 0.5385833333333333 0.01780468749999997 0.02461111111111115
1 0.5178828125 0.5605555555555556 0.0158203125 0.027541666666666725
1 0.5523359375 0.7152777777777778 0.022085937499999986 0.019333333333333355
1 0.5472265625 0.693 0.011867187500000043 0.027541666666666725
1 0.5795312499999999 0.6010000000000001 0.01648437499999993 0.027541666666666725
1 0.57590625 0.5684722222222223 0.01714062500000004 0.029305555555555588
1 0.60359375 0.5898749999999999 0.019164062499999978 0.030555555555555555
1 0.6100703125 0.6384722222222222 0.017468749999999922 0.030555555555555555
1 0.6257109375 0.6975833333333333 0.01944531250000008 0.02955555555555552
1 0.64740625 0.719625 0.021132812499999966 0.024541666666666687
1 0.6193671875 0.6843055555555555 0.016906250000000077 0.02404166666666659
1 0.6662890625 0.6379722222222222 0.021132812499999966 0.02855555555555548
1 0.6864375 0.6459861111111111 0.02028906250000002 0.022541666666666692
1 0.6971484375 0.7085972222222222 0.023109374999999942 0.03356944444444439
1 0.718140625 0.6813055555555556 0.023953125000000065 0.03306944444444437
1 0.7471640625 0.6865555555555556 0.02225781250000001 0.031555555555555594
1 0.766890625 0.7083472222222222 0.023953125000000065 0.035069444444444445
1 0.7663203125 0.6765416666666667 0.022828125000000022 0.034569444444444423
1 0.6889765625 0.6319583333333333 0.015781250000000035 0.02955555555555552