1 0.8046875 0.10694444444444444 0.0375 0.1527777777777778
1 0.709765625 0.09513888888888888 0.05703125 0.09861111111111111
1 0.630078125 0.08333333333333333 0.03203125 0.13333333333333333
1 0.651171875 0.20902777777777778 0.04140625 0.12083333333333333
1 0.892578125 0.29097222222222224 0.03984375 0.12638888888888888
1 0.83125 0.33541666666666664 0.0390625 0.12916666666666668
1 0.495703125 0.30625 0.02890625 0.12916666666666668
1 0.47265625 0.4388888888888889 0.0578125 0.125
1 0.571484375 0.5784722222222223 0.06015625 0.09861111111111111
1 0.851953125 0.7118055555555556 0.06015625 0.06527777777777778
1 0.95234375 0.81875 0.065625 0.07083333333333333
1 0.624609375 0.7465277777777778 0.05859375 0.0763888888888889
1 0.671875 0.9486111111111111 0.0515625 0.10277777777777777
1 0.536328125 0.7583333333333333 0.06484375 0.09444444444444444
1 0.47421875 0.7756944444444445 0.0421875 0.1375
1 0.381640625 0.8597222222222223 0.04765625 0.12777777777777777