1 0.93671875 0.12777777777777777 0.034375 0.1
1 0.8515625 0.2125 0.028125 0.08333333333333333
1 0.81875 0.19791666666666666 0.04375 0.0763888888888889
1 0.839453125 0.7194444444444444 0.03203125 0.1111111111111111
1 0.821875 0.46319444444444446 0.0453125 0.08472222222222223
1 0.80078125 0.36736111111111114 0.028125 0.09027777777777778
1 0.774609375 0.3486111111111111 0.02578125 0.10555555555555556
1 0.750390625 0.35625 0.03828125 0.10694444444444444
1 0.712109375 0.41180555555555554 0.04453125 0.09027777777777778
1 0.72734375 0.2 0.05625 0.06944444444444445
1 0.72421875 0.13472222222222222 0.040625 0.08611111111111111
1 0.68828125 0.12638888888888888 0.0296875 0.06666666666666667
1 0.656640625 0.12430555555555556 0.04296875 0.09583333333333334
1 0.6234375 0.04652777777777778 0.028125 0.09305555555555556
1 0.573046875 0.059722222222222225 0.02421875 0.07777777777777778
1 0.542578125 0.058333333333333334 0.04140625 0.08333333333333333
1 0.552734375 0.22361111111111112 0.03515625 0.12777777777777777
1 0.4625 0.20277777777777778 0.0265625 0.10555555555555556
1 0.337109375 0.04652777777777778 0.03984375 0.09305555555555556
1 0.218359375 0.029166666666666667 0.03515625 0.058333333333333334
1 0.129296875 0.12638888888888888 0.06484375 0.06666666666666667
1 0.01328125 0.3076388888888889 0.0265625 0.11527777777777778
1 0.321875 0.5881944444444445 0.0328125 0.12638888888888888
1 0.382421875 0.7263888888888889 0.07265625 0.06388888888888888
1 0.218359375 0.7229166666666667 0.05078125 0.09583333333333334
1 0.375 0.9631944444444445 0.0328125 0.07361111111111111