1 0.08046875 0.30069444444444443 0.0703125 0.10694444444444444
1 0.103515625 0.43819444444444444 0.15546875 0.22083333333333333
1 0.19765625 0.44513888888888886 0.0875 0.2263888888888889
1 0.344921875 0.40625 0.05078125 0.18472222222222223
1 0.279296875 0.39652777777777776 0.09921875 0.18194444444444444
1 0.293359375 0.3034722222222222 0.08203125 0.04583333333333333
1 0.5078125 0.35138888888888886 0.0625 0.16111111111111112
1 0.68046875 0.3770833333333333 0.13125 0.16805555555555557
1 0.81953125 0.3645833333333333 0.1078125 0.1625
1 0.91328125 0.3263888888888889 0.0828125 0.11666666666666667
1 0.969140625 0.31666666666666665 0.05703125 0.10833333333333334
1 0.610546875 0.2520833333333333 0.04140625 0.0763888888888889
1 0.63125 0.3236111111111111 0.0953125 0.12222222222222222