1 0.06015625 0.4666666666666667 0.06875 0.08611111111111111
1 0.08203125 0.6111111111111112 0.096875 0.13055555555555556
1 0.11484375 0.5388888888888889 0.0828125 0.10277777777777777
1 0.1375 0.49930555555555556 0.0671875 0.07916666666666666
1 0.237109375 0.5465277777777777 0.06953125 0.11527777777777778
1 0.215234375 0.5131944444444444 0.07421875 0.09305555555555556
1 0.378125 0.6277777777777778 0.078125 0.15
1 0.283203125 0.5194444444444445 0.06640625 0.1
1 0.323046875 0.5652777777777778 0.04453125 0.12222222222222222
1 0.32890625 0.48541666666666666 0.059375 0.06527777777777778
1 0.38125 0.4166666666666667 0.071875 0.08055555555555556
1 0.444140625 0.37569444444444444 0.05078125 0.05416666666666667
1 0.412890625 0.5479166666666667 0.03671875 0.10972222222222222
1 0.446875 0.5534722222222223 0.040625 0.11527777777777778
1 0.4609375 0.5208333333333334 0.065625 0.11666666666666667
1 0.508984375 0.5229166666666667 0.07265625 0.09861111111111111
1 0.491015625 0.4513888888888889 0.04921875 0.05555555555555555
1 0.56328125 0.5118055555555555 0.0828125 0.1125
1 0.640625 0.4909722222222222 0.0703125 0.0875
1 0.57890625 0.4444444444444444 0.0484375 0.04722222222222222
1 0.569921875 0.3486111111111111 0.03984375 0.06666666666666667
1 0.616796875 0.36944444444444446 0.04609375 0.058333333333333334
1 0.689453125 0.3416666666666667 0.03671875 0.06666666666666667
1 0.62890625 0.4270833333333333 0.040625 0.04861111111111111
1 0.6625 0.4395833333333333 0.0203125 0.05694444444444444
1 0.734765625 0.46041666666666664 0.06015625 0.10416666666666667
1 0.719140625 0.3923611111111111 0.04765625 0.04583333333333333
1 0.771484375 0.43819444444444444 0.06015625 0.07916666666666666
1 0.784765625 0.39305555555555555 0.05859375 0.06388888888888888
1 0.871875 0.42430555555555555 0.06875 0.08194444444444444
1 0.869921875 0.3541666666666667 0.03828125 0.06388888888888888
1 0.90078125 0.35555555555555557 0.04375 0.04722222222222222
1 0.93203125 0.39652777777777776 0.05625 0.07916666666666666
1 0.988671875 0.4270833333333333 0.02265625 0.0875
1 0.99296875 0.325 0.0140625 0.06666666666666667
1 0.96875 0.41180555555555554 0.0296875 0.07916666666666666