1 0.053125 0.7736111111111111 0.10625 0.275
1 0.0390625 0.38819444444444445 0.078125 0.10972222222222222
1 0.287109375 0.3368055555555556 0.06015625 0.07916666666666666
1 0.324609375 0.4097222222222222 0.05390625 0.13333333333333333
1 0.482421875 0.33611111111111114 0.05703125 0.09444444444444444
1 0.1421875 0.6256944444444444 0.1140625 0.1875
1 0.231640625 0.7743055555555556 0.21328125 0.31527777777777777
1 0.281640625 0.5805555555555556 0.07734375 0.19444444444444445
1 0.4046875 0.6895833333333333 0.2015625 0.2569444444444444
1 0.34609375 0.5215277777777778 0.071875 0.09027777777777778
1 0.547265625 0.6472222222222223 0.14296875 0.2722222222222222
1 0.520703125 0.47152777777777777 0.11640625 0.15694444444444444
1 0.634375 0.5576388888888889 0.1390625 0.1986111111111111
1 0.6546875 0.4409722222222222 0.1078125 0.14027777777777778
1 0.795703125 0.3576388888888889 0.08046875 0.12083333333333333
1 0.868359375 0.38263888888888886 0.07890625 0.14027777777777778
1 0.851953125 0.5194444444444445 0.13046875 0.18333333333333332