1 0.71328125 0.11805555555555555 0.034375 0.1388888888888889
1 0.891796875 0.14027777777777778 0.03984375 0.11944444444444445
1 0.77890625 0.10486111111111111 0.0625 0.10694444444444444
1 0.970703125 0.33541666666666664 0.04453125 0.14305555555555555
1 0.916796875 0.3638888888888889 0.03984375 0.1361111111111111
1 0.938671875 0.7076388888888889 0.05703125 0.07361111111111111
1 0.72265625 0.25277777777777777 0.0515625 0.13333333333333333
1 0.5734375 0.3590277777777778 0.0265625 0.11805555555555555
1 0.543359375 0.4479166666666667 0.04765625 0.12638888888888888
1 0.637890625 0.6055555555555555 0.04921875 0.11666666666666667
1 0.715234375 0.7326388888888888 0.05703125 0.0875
1 0.764453125 0.9361111111111111 0.04765625 0.1
1 0.608203125 0.7756944444444445 0.05859375 0.10972222222222222
1 0.551171875 0.825 0.05234375 0.1388888888888889
1 0.462109375 0.8875 0.04765625 0.12777777777777777