1 0.106640625 0.6055555555555555 0.05390625 0.08055555555555556
1 0.19765625 0.5333333333333333 0.03125 0.06111111111111111
1 0.30625 0.48194444444444445 0.021875 0.05277777777777778
1 0.4 0.48125 0.0296875 0.05138888888888889
1 0.53359375 0.5055555555555555 0.034375 0.05
1 0.56015625 0.5444444444444444 0.0421875 0.06944444444444445
1 0.678515625 0.47847222222222224 0.03359375 0.05416666666666667
1 0.9 0.46944444444444444 0.0375 0.05277777777777778
1 0.928515625 0.5923611111111111 0.05703125 0.07083333333333333
1 0.90234375 0.6097222222222223 0.0546875 0.07777777777777778
1 0.689453125 0.7173611111111111 0.07265625 0.09583333333333334
1 0.6390625 0.5777777777777777 0.04375 0.06111111111111111
1 0.6046875 0.6125 0.05 0.075
1 0.595703125 0.6465277777777778 0.05078125 0.0875
1 0.507421875 0.6555555555555556 0.04609375 0.07777777777777778
1 0.44375 0.59375 0.0515625 0.0625
1 0.3828125 0.6159722222222223 0.053125 0.07361111111111111
1 0.317578125 0.5506944444444445 0.03046875 0.0625
1 0.414453125 0.6902777777777778 0.05546875 0.09444444444444444
1 0.35390625 0.7534722222222222 0.053125 0.10694444444444444
1 0.298828125 0.7159722222222222 0.03359375 0.09583333333333334
1 0.275390625 0.7083333333333334 0.02578125 0.08611111111111111
1 0.216796875 0.7048611111111112 0.03671875 0.05694444444444444
1 0.137890625 0.7375 0.03828125 0.09722222222222222
1 0.28828125 0.8215277777777777 0.0390625 0.12361111111111112
1 0.24453125 0.8201388888888889 0.06875 0.09583333333333334
1 0.21484375 0.7631944444444444 0.06875 0.07361111111111111
1 0.175390625 0.8277777777777777 0.06015625 0.11388888888888889
1 0.13671875 0.8875 0.0625 0.12777777777777777
1 0.06875 0.9319444444444445 0.053125 0.125
1 0.026171875 0.8520833333333333 0.05234375 0.09861111111111111