1 0.035546875 0.6881944444444444 0.07109375 0.2569444444444444
1 0.065625 0.4326388888888889 0.1046875 0.13194444444444445
1 0.2015625 0.3645833333333333 0.0734375 0.0875
1 0.405078125 0.3229166666666667 0.05078125 0.0763888888888889
1 0.4453125 0.3770833333333333 0.0484375 0.10694444444444444
1 0.57421875 0.3215277777777778 0.0484375 0.08472222222222223
1 0.89765625 0.35833333333333334 0.0703125 0.10277777777777777
1 0.838671875 0.3402777777777778 0.05390625 0.09444444444444444
1 0.86953125 0.46041666666666664 0.1 0.14583333333333334
1 0.7203125 0.39861111111111114 0.0921875 0.11388888888888889
1 0.702734375 0.48125 0.09921875 0.14583333333333334
1 0.612890625 0.41597222222222224 0.08046875 0.10138888888888889
1 0.641796875 0.5333333333333333 0.10390625 0.18611111111111112
1 0.526171875 0.5458333333333333 0.15703125 0.18055555555555555
1 0.4421875 0.46805555555555556 0.0625 0.07777777777777778
1 0.431640625 0.5965277777777778 0.15234375 0.1875
1 0.340625 0.49930555555555556 0.084375 0.09305555555555556
1 0.2859375 0.6645833333333333 0.1359375 0.24583333333333332
1 0.153515625 0.7097222222222223 0.12578125 0.2611111111111111
1 0.1671875 0.5583333333333333 0.1125 0.11944444444444445