1 0.969921875 0.6770833333333334 0.06015625 0.12083333333333333
1 0.606640625 0.36944444444444446 0.05859375 0.16944444444444445
1 0.536328125 0.5111111111111111 0.05234375 0.175
1 0.452734375 0.5909722222222222 0.07265625 0.16805555555555557
1 0.516015625 0.7743055555555556 0.05703125 0.16527777777777777
1 0.471484375 0.7201388888888889 0.05078125 0.18194444444444444
1 0.38828125 0.6854166666666667 0.0640625 0.14583333333333334
1 0.412890625 0.8534722222222222 0.05390625 0.1625
1 0.4921875 0.9791666666666666 0.046875 0.041666666666666664
1 0.434375 0.9763888888888889 0.04375 0.04722222222222222
1 0.2234375 0.4576388888888889 0.0734375 0.15138888888888888
1 0.159765625 0.29375 0.06328125 0.15138888888888888
1 0.169921875 0.4534722222222222 0.07734375 0.1597222222222222
1 0.0953125 0.7034722222222223 0.05625 0.15694444444444444
1 0.0203125 0.6791666666666667 0.040625 0.05555555555555555