1 0.05078125 0.8361111111111111 0.1015625 0.30833333333333335
1 0.11953125 0.71875 0.159375 0.22083333333333333
1 0.026171875 0.6104166666666667 0.05234375 0.11805555555555555
1 0.041796875 0.5416666666666666 0.08046875 0.1
1 0.126171875 0.5333333333333333 0.09140625 0.13333333333333333
1 0.1875 0.6291666666666667 0.0546875 0.2
1 0.24609375 0.6291666666666667 0.06875 0.2
1 0.279296875 0.5680555555555555 0.08984375 0.175
1 0.24375 0.40694444444444444 0.09375 0.1111111111111111
1 0.34765625 0.3548611111111111 0.0640625 0.08194444444444444
1 0.393359375 0.5951388888888889 0.09609375 0.1763888888888889
1 0.359765625 0.48680555555555555 0.07265625 0.06527777777777778
1 0.478125 0.5583333333333333 0.1140625 0.16944444444444445
1 0.490234375 0.44722222222222224 0.07421875 0.06388888888888888
1 0.574609375 0.5138888888888888 0.10390625 0.13333333333333333
1 0.619140625 0.49166666666666664 0.11328125 0.1388888888888889
1 0.559765625 0.42083333333333334 0.03828125 0.05555555555555555
1 0.559375 0.3625 0.0390625 0.08333333333333333
1 0.515234375 0.32708333333333334 0.05078125 0.07916666666666666
1 0.66484375 0.3194444444444444 0.0421875 0.06666666666666667
1 0.723828125 0.4756944444444444 0.08203125 0.1375
1 0.699609375 0.3840277777777778 0.06640625 0.0763888888888889
1 0.773046875 0.4423611111111111 0.07578125 0.1125
1 0.790234375 0.37916666666666665 0.07890625 0.08611111111111111
1 0.9078125 0.42430555555555555 0.0828125 0.11527777777777778
1 0.896875 0.33194444444444443 0.0546875 0.08055555555555556
1 0.943359375 0.35138888888888886 0.06015625 0.10277777777777777