1 0.41875 0.06666666666666667 0.0609375 0.13333333333333333
1 0.375 0.07847222222222222 0.0625 0.15694444444444444
1 0.315234375 0.04513888888888889 0.06328125 0.09027777777777778
1 0.29609375 0.2326388888888889 0.04375 0.23194444444444445
1 0.26328125 0.2722222222222222 0.0453125 0.18611111111111112
1 0.4171875 0.7041666666666667 0.128125 0.13055555555555556
1 0.562890625 0.8090277777777778 0.09453125 0.20972222222222223
1 0.572265625 0.6673611111111111 0.10234375 0.1763888888888889
1 0.52109375 0.4701388888888889 0.08125 0.1763888888888889
1 0.673828125 0.45069444444444445 0.06953125 0.20694444444444443
1 0.825390625 0.46944444444444444 0.08671875 0.19722222222222222
1 0.91171875 0.575 0.0671875 0.21388888888888888