0 0.19140625 0.15902777777777777 0.025 0.034722222222222224
0 0.244921875 0.30277777777777776 0.05390625 0.07222222222222222
0 0.291015625 0.3402777777777778 0.05546875 0.075
0 0.34609375 0.3590277777777778 0.0625 0.08194444444444444
0 0.418359375 0.4 0.06796875 0.1
0 0.50390625 0.4465277777777778 0.084375 0.1125
0 0.631640625 0.5326388888888889 0.10703125 0.15694444444444444
0 0.60234375 0.4173611111111111 0.08125 0.09861111111111111
0 0.589453125 0.34652777777777777 0.06484375 0.07916666666666666
0 0.573046875 0.2972222222222222 0.05546875 0.06111111111111111
0 0.567578125 0.2625 0.04609375 0.06388888888888888