0 0.153125 0.1625 0.028125 0.03333333333333333
0 0.23125 0.31527777777777777 0.05625 0.07777777777777778
0 0.283203125 0.34444444444444444 0.05859375 0.08333333333333333
0 0.34296875 0.36527777777777776 0.0609375 0.08333333333333333
0 0.4203125 0.4 0.0703125 0.09444444444444444
0 0.513671875 0.44166666666666665 0.08359375 0.11388888888888889
0 0.646875 0.5201388888888889 0.10625 0.14027777777777778
0 0.604296875 0.40902777777777777 0.07890625 0.10138888888888889
0 0.5828125 0.33958333333333335 0.065625 0.07361111111111111
0 0.555078125 0.29097222222222224 0.04453125 0.05694444444444444
0 0.548046875 0.25277777777777777 0.03828125 0.041666666666666664