0 0.29296875 0.15208333333333332 0.0234375 0.03194444444444444
0 0.28203125 0.28402777777777777 0.0421875 0.06527777777777778
0 0.314453125 0.3229166666666667 0.05390625 0.07361111111111111
0 0.355859375 0.3472222222222222 0.06015625 0.08611111111111111
0 0.40859375 0.3951388888888889 0.0640625 0.09305555555555556
0 0.47578125 0.45694444444444443 0.0765625 0.11944444444444445
0 0.57734375 0.5555555555555556 0.0953125 0.1638888888888889
0 0.590625 0.42916666666666664 0.0734375 0.1
0 0.59921875 0.3611111111111111 0.0640625 0.07777777777777778
0 0.60390625 0.3125 0.05625 0.06388888888888888
0 0.6140625 0.26944444444444443 0.046875 0.05277777777777778