0 0.23125 0.15347222222222223 0.025 0.03194444444444444
0 0.259765625 0.29930555555555555 0.05390625 0.07083333333333333
0 0.301171875 0.33541666666666664 0.06484375 0.09027777777777778
0 0.3515625 0.35833333333333334 0.0578125 0.1
0 0.418359375 0.39861111111111114 0.06953125 0.09166666666666666
0 0.501171875 0.45625 0.07421875 0.11805555555555555
0 0.61875 0.5430555555555555 0.1015625 0.14166666666666666
0 0.604296875 0.425 0.08359375 0.10555555555555556
0 0.596875 0.35208333333333336 0.0734375 0.0763888888888889
0 0.5875 0.30069444444444443 0.0640625 0.059722222222222225
0 0.5859375 0.25763888888888886 0.05 0.04861111111111111