0 0.26640625 0.15069444444444444 0.025 0.03194444444444444
0 0.274609375 0.29375 0.04609375 0.07083333333333333
0 0.30859375 0.3277777777777778 0.0578125 0.08055555555555556
0 0.355078125 0.3527777777777778 0.06015625 0.09166666666666666
0 0.41484375 0.3958333333333333 0.065625 0.09722222222222222
0 0.48984375 0.4534722222222222 0.075 0.11527777777777778
0 0.600390625 0.5493055555555556 0.09609375 0.15138888888888888
0 0.59765625 0.42777777777777776 0.075 0.10277777777777777
0 0.600390625 0.3576388888888889 0.06328125 0.07916666666666666
0 0.5984375 0.30416666666666664 0.053125 0.058333333333333334
0 0.6015625 0.2659722222222222 0.0453125 0.05694444444444444